000000000000000000000000000000000
000000000000000000000000000000000
000000000000000000000000000000000
000000000000000000000000000000000
000000000000000000011100000000000
000000000000000000010100000000000
000000000000000000000000000000000
000011000000000000000000000000000
000001100000000000000000000000000
000000110000000000000000000000000
000000011000000000000001110000000
000000001110000000000011111000000
000000000111000000000011111000000
000000000011100000000001110000000
000000000001111000000000000000000
000000000000111000000000000000000
000000000000000000000000000000000
000000000000011100000111110000000
000000000000011110000111110000000
000000000000011110000111110000000
000000000000001100000111110000000
000000000000000000000000000000000
000000000000000000000000000000000
000000000000000000000000000000000
000000000000000000000000000000000
000000000000000000000000000000000
000000000000000000000000000000000
